image_width: 640
image_height: 480
camera_name: narrow_stereo/left
camera_matrix:
  rows: 3
  cols: 3
  data: [825.096426, 0.000000, 325.938892, 0.000000, 828.664689, 219.082596, 0.000000, 0.000000, 1.000000]
distortion_model: plumb_bob
distortion_coefficients:
  rows: 1
  cols: 5
  data: [0.044565, 0.353422, 0.002156, 0.006492, 0.000000]
rectification_matrix:
  rows: 3
  cols: 3
  data: [0.999985, -0.000690, -0.005435, 0.000703, 0.999997, 0.002361, 0.005433, -0.002365, 0.999982]
projection_matrix:
  rows: 3
  cols: 4
  data: [982.193874, 0.000000, 327.890770, 0.000000, 0.000000, 982.193874, 245.613878, 0.000000, 0.000000, 0.000000, 1.000000, 0.000000]
